42 16 1
6 18 1
48 3 1
80 102 1
66 7 1
78 102 1
47 70 1
97 8 1
25 70 1
82 9 1
63 85 1
103 1 3
97 65 1
78 56 1
80 86 1
97 82 1
21 70 1
76 44 1
17 10 1
45 37 1
76 79 1
97 29 1
11 47 1
40 69 1
91 82 1
10 100 1
75 76 1
59 78 1
88 9 1
87 41 1
78 7 1
40 92 1
11 87 1
95 89 1
26 13 1
29 56 1
98 103 2
80 33 1
14 20 2
97 81 2
40 8 1
52 44 1
42 27 1
6 57 1
42 89 1
28 13 1
68 103 2
90 7 1
63 54 1
97 78 1
99 98 1
90 103 3
14 1 1
85 103 2
37 103 3
41 39 1
42 39 1
80 76 1
97 90 1
97 4 1
2 60 1
78 53 1
68 58 1
26 31 1
96 44 2
66 60 1
90 94 1
13 103 1
38 34 1
33 100 1
62 27 1
4 7 1
58 27 1
104 0 1
40 29 1
63 104 1
44 103 12
63 103 4
72 23 1
98 100 1
80 56 1
38 93 1
74 3 1
23 13 1
40 85 1
61 103 1
92 100 1
74 57 1
68 100 1
72 84 1
44 1 1
8 22 1
93 44 1
67 69 1
96 103 2
80 94 1
82 4 1
7 27 1
13 84 1
92 68 1
97 103 4
80 27 1
73 74 1
63 53 1
81 49 1
24 27 1
104 69 1
83 39 1
38 44 1
38 64 1
32 44 1
97 50 1
45 42 1
45 3 1
56 61 1
90 46 2
65 49 1
67 30 1
9 103 1
17 92 1
65 78 1
8 71 1
72 86 1
8 7 1
19 72 1
97 84 1
97 96 1
96 12 1
73 6 1
35 16 1
67 64 1
87 9 2
65 31 1
80 34 1
23 53 1
63 28 1
80 98 1
102 64 1
102 103 1
57 18 1
101 36 1
42 56 1
44 39 2
68 10 1
50 89 1
64 60 1
65 53 1
42 85 1
31 94 1
54 10 1
74 48 1
5 27 1
75 29 1
97 18 1
90 86 1
59 61 1
99 103 2
103 53 2
78 22 1
97 77 1
59 85 1
3 44 2
87 102 1
28 49 1
72 46 1
80 78 2
77 9 1
80 28 1
80 89 1
88 7 2
97 86 1
31 13 1
97 61 1
63 71 1
42 33 1
58 100 1
80 46 1
88 103 1
89 2 1
46 62 1
80 13 1
51 23 1
97 27 1
103 100 2
56 103 1
0 64 1
67 104 1
81 7 1
83 0 1
87 47 1
32 79 1
80 79 1
82 77 1
19 84 1
46 84 1
93 41 1
26 90 1
76 89 1
78 71 1
97 22 2
20 16 1
46 58 1
39 21 1
40 75 1
72 22 1
42 69 1
60 1 1
54 98 1
67 103 3
8 78 1
51 49 1
44 16 2
44 57 1
34 103 1
59 40 1
28 23 1
36 81 1
53 69 1
64 89 2
8 103 1
78 86 1
47 103 1
78 13 1
33 79 1
97 99 1
19 90 1
11 104 1
37 16 1
23 49 1
42 40 1
63 98 1
91 44 1
96 48 1
97 91 1
59 22 1
14 36 1
25 44 2
67 7 1
44 55 2
79 64 1
48 55 1
9 47 1
48 50 1
93 9 1
6 64 1
93 70 1
51 84 1
38 57 1
87 93 1
91 9 1
9 44 2
63 19 1
80 81 1
36 1 1
33 10 1
99 92 1
56 71 1
95 37 1
75 85 1
38 27 1
56 85 1
72 13 1
32 70 1
45 103 2
15 103 5
74 64 1
70 7 1
64 70 1
20 103 7
87 29 1
87 44 2
78 89 1
80 29 1
83 44 1
34 18 1
93 39 1
44 27 2
90 81 2
92 54 1
78 2 1
81 103 2
80 61 1
22 71 1
38 32 1
102 89 1
88 61 1
94 30 1
87 70 1
97 25 2
74 103 6
74 6 1
74 93 1
47 64 1
17 80 1
42 57 1
73 27 1
65 22 1
66 89 2
16 60 1
51 44 1
44 22 2
97 10 1
90 5 1
73 18 1
74 41 1
75 56 1
3 20 1
6 27 1
95 96 1
21 47 1
97 100 1
80 103 5
25 43 1
39 7 1
92 103 2
51 80 1
88 89 1
90 69 1
76 33 1
103 7 3
80 22 2
45 55 1
66 20 1
22 89 1
99 100 1
30 53 1
73 9 1
91 4 1
25 58 2
11 9 1
51 81 1
66 1 1
59 102 1
103 60 1
44 47 2
80 12 1
33 103 1
74 15 1
97 76 2
96 20 1
17 54 1
87 78 1
81 22 1
42 34 1
3 103 3
90 64 1
95 44 1
90 44 3
98 10 1
76 1 1
48 103 3
97 95 1
45 80 1
31 23 1
80 99 1
87 25 1
87 67 1
101 103 4
103 71 2
13 69 1
45 35 1
6 103 1
75 54 1
12 37 1
4 103 2
59 103 1
63 26 1
81 66 1
74 1 1
42 99 2
96 89 1
41 21 1
75 103 2
78 94 1
80 85 1
0 69 1
34 58 1
28 86 1
65 13 1
66 16 1
36 89 1
82 66 1
58 79 1
89 55 1
80 30 1
82 103 1
22 7 1
76 16 1
51 28 1
80 71 1
75 71 1
78 61 1
44 6 1
88 2 1
87 57 1
9 102 1
101 20 2
11 103 3
36 103 4
23 84 1
97 20 1
76 18 1
25 52 1
32 41 1
87 80 1
42 68 1
26 30 1
45 12 1
89 60 2
51 27 1
46 22 1
44 5 1
0 103 3
72 27 1
74 76 1
40 61 1
17 68 1
66 64 1
29 103 1
83 103 2
25 103 1
102 2 1
26 103 2
96 3 1
76 100 1
97 80 3
28 78 1
101 3 1
76 6 1
21 103 1
42 83 1
32 18 1
4 16 1
97 75 1
33 58 1
97 16 2
75 61 1
13 49 1
26 67 1
54 76 1
8 29 1
97 13 1
58 22 1
80 0 1
42 75 1
85 61 1
92 98 1
28 31 1
0 53 1
16 7 1
75 69 1
14 48 1
87 39 1
41 44 1
80 16 1
87 64 1
78 103 3
42 25 1
59 8 1
58 18 1
44 70 1
7 89 3
65 86 1
98 58 1
76 103 5
25 5 1
44 61 1
97 49 1
0 30 1
78 49 1
7 2 2
50 55 1
11 44 1
70 27 1
8 61 1
17 98 1
9 64 2
23 94 1
90 22 2
42 35 1
88 78 1
80 104 1
82 81 1
91 103 1
79 103 1
80 75 1
59 44 1
19 86 1
40 103 1
19 51 1
97 68 1
26 80 1
99 58 1
26 44 1
8 102 1
81 84 1
97 64 2
34 6 1
80 100 1
83 47 1
9 22 1
81 58 1
64 57 1
40 54 1
42 17 2
9 66 1
44 58 1
94 86 1
74 14 1
11 7 1
65 81 1
64 103 4
76 68 2
80 59 1
103 89 4
87 27 1
97 33 1
83 27 1
79 18 1
50 3 1
80 35 1
59 56 1
63 40 1
9 60 1
16 103 3
22 2 1
95 80 1
45 50 1
25 80 2
23 86 1
102 61 1
78 29 1
82 76 1
44 62 1
34 76 1
67 21 1
90 21 1
76 10 2
80 10 1
40 56 1
97 56 1
81 4 1
67 39 1
20 15 2
95 50 1
9 21 1
77 7 2
36 15 1
12 101 1
34 79 1
104 83 1
98 68 1
64 2 1
97 1 1
94 103 2
97 85 1
45 89 1
11 30 1
26 104 1
77 64 1
76 7 1
57 70 1
15 1 1
44 35 1
25 27 2
94 13 1
97 12 1
78 84 1
67 83 1
10 69 1
42 9 1
77 2 1
15 16 1
20 4 1
66 2 1
76 15 1
44 4 1
101 37 1
97 45 1
25 81 1
63 78 1
91 81 1
50 103 1
30 69 1
94 53 1
77 66 1
26 23 1
86 84 1
9 57 1
39 70 1
30 103 3
3 37 1
14 103 5
97 31 1
91 7 2
11 83 1
25 93 2
44 89 4
63 92 1
74 33 1
4 1 1
26 28 1
31 78 1
87 103 2
65 44 1
45 96 1
42 100 2
41 9 1
29 71 1
51 46 1
79 57 1
48 20 1
99 54 1
97 79 1
90 47 1
42 44 2
7 60 2
9 83 1
67 47 1
64 7 3
22 103 1
46 27 1
63 29 1
95 3 1
26 0 1
94 0 1
65 23 1
49 22 1
87 8 1
74 25 3
14 4 1
95 55 1
97 36 1
58 64 1
44 20 3
97 2 1
32 6 1
90 72 1
80 55 1
49 53 1
82 88 1
97 89 3
4 89 1
86 13 1
96 37 1
23 78 1
49 84 1
83 70 1
84 27 1
3 89 1
9 39 1
91 60 1
63 69 2
48 89 1
76 58 1
95 45 1
90 28 1
81 89 2
31 53 1
45 48 1
44 37 2
93 7 1
65 84 1
78 44 1
45 44 2
8 44 1
99 68 1
39 103 1
86 53 1
21 27 1
31 49 1
32 103 1
63 49 1
77 16 1
97 28 1
12 16 1
97 98 1
52 27 1
82 89 2
90 27 2
73 93 1
97 35 1
42 54 2
25 62 1
38 25 2
95 42 1
25 57 2
26 94 1
19 22 1
11 0 1
88 22 1
87 85 1
8 2 1
42 41 1
82 60 1
61 71 1
26 78 1
73 79 1
25 33 1
33 6 1
8 56 1
44 102 1
98 69 1
93 57 1
80 64 1
42 98 2
63 86 1
72 49 1
11 21 1
87 21 1
59 88 1
63 61 1
97 71 1
77 89 2
88 64 1
74 79 1
81 62 1
19 31 1
41 7 1
42 47 1
3 15 1
76 4 1
25 64 1
11 90 1
102 22 1
81 76 1
22 64 1
104 44 1
31 103 1
31 69 1
80 90 2
73 41 1
29 69 1
72 44 1
59 71 1
99 10 1
97 72 1
80 50 1
72 81 1
74 27 1
22 27 1
68 33 1
102 7 1
17 33 1
94 49 1
97 51 1
36 4 1
28 72 1
87 42 1
38 18 1
19 81 1
51 90 1
74 96 1
95 35 1
90 49 1
36 76 1
44 69 1
73 32 1
65 28 1
19 65 1
38 79 1
48 37 1
25 90 2
74 34 1
47 27 1
20 55 1
11 67 1
74 20 2
42 103 5
19 49 1
12 55 1
77 76 1
45 16 1
5 22 1
73 70 1
98 76 1
99 33 1
81 60 1
54 69 1
87 61 1
83 7 1
97 7 1
91 89 2
11 39 1
50 16 1
48 12 1
36 16 1
4 60 1
91 102 1
97 19 1
76 69 1
59 7 1
38 41 1
32 93 1
64 18 1
88 102 1
97 58 1
42 80 2
37 20 1
100 69 1
81 46 1
25 22 1
104 21 1
87 71 1
83 64 1
44 71 1
101 15 1
42 58 1
8 9 1
12 44 2
80 54 1
32 64 1
39 64 1
95 16 1
78 9 1
32 76 1
92 76 1
36 44 1
42 79 1
25 18 2
74 101 1
79 6 1
67 44 1
17 69 1
104 94 1
91 77 1
85 71 1
80 8 1
11 42 1
73 44 1
31 86 1
37 89 1
78 30 1
3 55 1
68 64 1
20 1 2
87 22 1
80 58 1
31 30 1
82 2 1
87 56 1
75 92 1
51 25 1
19 28 1
63 100 1
40 76 1
23 69 1
97 87 1
80 40 1
96 16 1
90 67 1
36 20 2
26 69 1
25 9 1
87 7 2
80 68 1
103 2 1
32 27 1
16 55 1
50 35 1
44 46 1
34 33 1
97 23 1
17 100 1
104 47 1
56 22 1
33 18 1
38 42 1
81 5 1
42 93 1
76 64 1
25 32 2
78 69 1
34 64 1
28 94 1
96 101 1
25 76 1
63 76 1
16 1 1
97 17 1
25 24 1
63 31 1
19 53 1
9 89 1
19 13 1
90 0 1
85 69 1
91 66 1
81 16 1
81 20 1
14 15 1
74 44 4
104 30 1
103 55 2
51 22 1
51 86 1
65 46 1
39 47 1
104 64 1
29 61 1
12 50 1
54 100 1
42 50 1
65 72 1
12 89 1
21 64 1
41 18 1
41 70 1
38 74 1
42 70 1
102 71 1
77 103 1
26 53 1
77 4 1
51 72 1
66 4 1
54 68 1
91 64 1
13 53 1
10 103 2
92 29 1
17 76 2
82 7 2
19 78 1
44 84 1
80 23 1
90 65 1
81 27 1
63 30 1
41 6 1
88 8 1
84 22 1
80 44 4
34 68 1
90 83 1
76 60 1
9 70 1
81 64 1
72 5 1
20 89 1
95 12 1
87 40 1
12 35 1
17 99 1
50 37 1
74 37 1
54 103 2
14 76 1
76 29 1
97 34 1
44 7 3
86 49 1
90 84 1
88 44 1
91 88 1
31 84 1
42 29 1
82 64 1
42 92 2
73 103 1
97 59 1
73 38 1
9 2 1
80 69 2
73 34 1
97 63 1
73 57 1
103 69 5
42 7 1
92 10 1
59 75 1
25 72 1
74 32 1
14 101 1
80 53 1
90 30 1
95 103 1
76 85 1
38 6 1
63 80 2
74 58 1
34 99 1
81 44 1
76 56 1
66 103 1
12 3 1
97 44 3
42 64 2
63 75 1
42 76 2
94 69 1
90 104 1
96 50 1
50 44 1
42 63 1
74 36 1
63 13 1
21 7 1
77 60 1
63 94 1
75 98 1
0 47 1
46 5 1
29 85 1
56 69 1
73 64 1
97 42 3
89 1 1
87 83 1
44 64 2
11 64 1
35 89 1
32 57 1
77 81 1
25 39 1
25 41 1
63 23 1
93 27 1
19 23 1
51 5 1
42 10 2
40 71 1
44 0 1
97 69 1
82 102 1
104 103 3
97 66 1
96 55 1
54 85 1
25 6 2
57 27 1
74 18 1
48 44 2
9 27 1
76 66 1
22 61 1
92 69 1
59 29 1
38 70 1
9 7 3
92 85 1
103 18 1
77 88 1
76 20 1
73 25 2
93 18 1
81 1 1
63 0 1
58 103 1
17 58 1
93 6 1
51 65 1
80 31 1
32 34 1
48 15 1
38 9 1
12 103 2
41 27 1
39 27 1
14 44 2
74 46 1
99 76 2
97 60 1
37 55 1
97 46 1
48 101 1
47 7 1
25 46 1
19 46 1
30 64 1
63 56 1
17 103 2
87 88 1
44 15 2
44 30 1
44 21 2
67 0 1
97 40 1
101 55 1
91 2 1
33 64 1
28 53 1
58 10 1
83 21 1
41 57 1
101 44 2
97 55 1
28 84 1
16 89 2
25 34 1
42 21 1
44 2 1
25 79 2
14 16 1
86 22 1
87 59 1
